[1.3495979309082031,
 1.3536040782928467,
 1.353700876235962,
 1.3537280559539795,
 1.3892028331756592,
 1.3951928615570068,
 1.3961009979248047,
 1.4108998775482178,
 1.4404230117797852,
 1.4421191215515137,
 1.445080041885376,
 1.4485549926757812,
 1.4512498378753662,
 1.4557130336761475,
 1.4560308456420898,
 1.46315598487854,
 1.465494155883789,
 1.467027187347412,
 1.4821109771728516,
 1.4858181476593018,
 1.4874050617218018,
 1.4950730800628662,
 1.4982869625091553,
 1.503345012664795,
 1.5036327838897705,
 1.50960111618042,
 1.5150909423828125,
 1.5151801109313965,
 1.5204389095306396,
 1.5209789276123047,
 1.5230419635772705,
 1.523651123046875,
 1.5269899368286133,
 1.5274028778076172,
 1.528616189956665,
 1.5294430255889893,
 1.5307879447937012,
 1.5330359935760498,
 1.5443451404571533,
 1.5452589988708496,
 1.5520401000976562,
 1.5593979358673096,
 1.5615808963775635,
 1.5636720657348633,
 1.5680949687957764,
 1.5739870071411133,
 1.5782558917999268,
 1.5844128131866455,
 1.588771104812622,
 1.589015007019043,
 1.5935301780700684,
 1.5938920974731445,
 1.5988759994506836,
 1.5994560718536377,
 1.6040701866149902,
 1.6045749187469482,
 1.6046960353851318,
 1.604783058166504,
 1.6081368923187256,
 1.614037036895752,
 1.615799903869629,
 1.6173341274261475,
 1.617784023284912,
 1.619703769683838,
 1.628307819366455,
 1.6388499736785889,
 1.6429710388183594,
 1.6431360244750977,
 1.6530201435089111,
 1.6531670093536377,
 1.654130220413208,
 1.662734031677246,
 1.6722168922424316,
 1.6728291511535645,
 1.6789472103118896,
 1.679778814315796,
 1.6864490509033203,
 1.6894848346710205,
 1.690281867980957,
 1.6977100372314453,
 1.7023429870605469,
 1.7093639373779297,
 1.7197420597076416,
 1.723024845123291,
 1.7400999069213867,
 1.7417850494384766,
 1.7501020431518555,
 1.7509350776672363,
 1.7524051666259766,
 1.7741670608520508,
 1.7954819202423096,
 1.7976298332214355,
 1.8018579483032227,
 1.810530185699463,
 1.8196930885314941,
 1.8233120441436768,
 1.8236210346221924,
 1.8245930671691895,
 1.8257389068603516,
 1.8266139030456543,
 1.832975149154663,
 1.8351049423217773,
 1.8415660858154297,
 1.844398021697998,
 1.8457050323486328,
 1.8530709743499756,
 1.8541550636291504,
 1.8645718097686768,
 1.8651599884033203,
 1.8663239479064941,
 1.868675947189331,
 1.8711719512939453,
 1.8778507709503174,
 1.9179799556732178,
 1.920029878616333,
 1.9395217895507812,
 1.9426651000976562,
 1.951977014541626,
 1.953538179397583,
 1.9554269313812256,
 1.9592251777648926,
 1.9627189636230469,
 1.9668779373168945,
 1.9897639751434326,
 1.9949469566345215,
 2.013895034790039,
 2.01743483543396,
 2.0321779251098633,
 2.0458080768585205,
 2.1082589626312256,
 2.108433961868286,
 2.1095898151397705,
 2.1164050102233887,
 2.122526168823242,
 2.1527390480041504,
 2.16076397895813,
 2.174574851989746,
 2.185832977294922,
 2.2737269401550293,
 2.274007797241211,
 2.304988145828247,
 2.3091800212860107,
 2.3507020473480225,
 2.3555030822753906,
 2.369246006011963,
 2.377700090408325,
 2.3942360877990723,
 2.395972967147827,
 2.4325671195983887,
 2.4586219787597656,
 2.521980047225952,
 2.522922992706299,
 2.7439820766448975,
 2.7621500492095947,
 2.864553928375244,
 2.8926920890808105,
 2.970731019973755,
 2.9718270301818848,
 2.9724340438842773,
 2.9831459522247314,
 2.9846110343933105,
 2.9954891204833984,
 3.0057289600372314,
 3.020132064819336,
 3.0430209636688232,
 3.053478956222534,
 3.073678970336914,
 3.076535940170288,
 3.1149959564208984,
 3.1439409255981445,
 3.147005081176758,
 3.181614875793457,
 3.1875221729278564,
 3.20084810256958,
 3.2175068855285645,
 3.2175099849700928,
 3.221000909805298,
 3.2439451217651367,
 3.3213589191436768,
 3.401883125305176,
 3.472736120223999,
 3.4840989112854004,
 3.5119829177856445,
 3.5250980854034424,
 3.5391228199005127,
 3.569432020187378,
 3.57859206199646,
 3.5806381702423096,
 3.623821973800659,
 3.6502649784088135,
 3.6793651580810547,
 3.70346999168396,
 3.7193989753723145,
 3.7323269844055176,
 3.8023838996887207,
 3.831267833709717,
 3.8736228942871094,
 3.91987681388855,
 4.055793046951294,
 4.072872161865234,
 4.0780251026153564,
 4.097441911697388,
 4.103214979171753,
 4.114280939102173,
 4.123304843902588,
 4.147526979446411,
 4.173954010009766,
 4.181884050369263,
 4.207516193389893,
 4.236922979354858,
 4.2553791999816895,
 4.263692855834961,
 4.298722982406616,
 4.375411033630371,
 4.386121988296509,
 4.439096212387085,
 4.4827940464019775,
 4.491147041320801,
 4.494134187698364,
 4.564355850219727,
 4.629283905029297,
 4.6335649490356445,
 4.680100917816162,
 4.707762956619263,
 4.746809005737305,
 4.779954195022583,
 4.800830125808716,
 4.842284917831421,
 4.88493800163269,
 4.9313671588897705,
 4.971453905105591,
 5.0556480884552,
 5.09053897857666,
 5.092075824737549,
 5.1151440143585205,
 5.151206970214844,
 5.189724922180176,
 5.204146862030029,
 5.209207057952881,
 5.252827882766724,
 5.3054869174957275,
 5.347391843795776,
 5.4219441413879395,
 5.474697113037109,
 5.494745969772339,
 5.506940126419067,
 5.520756959915161,
 5.534516096115112,
 5.581654071807861,
 5.598073959350586,
 5.604112863540649,
 5.630578994750977,
 5.634947061538696,
 5.638476848602295,
 5.644047021865845,
 5.700277090072632,
 5.705772876739502,
 5.721750974655151,
 5.7854530811309814,
 5.798447132110596,
 5.817716121673584,
 5.837065935134888,
 5.846451044082642,
 5.878659963607788,
 5.893653154373169,
 5.979265928268433,
 6.074713945388794,
 6.079519987106323,
 6.1887428760528564,
 6.203226804733276,
 6.2080090045928955,
 6.249490976333618,
 6.263088941574097,
 6.328548908233643,
 6.335671901702881,
 6.365226984024048,
 6.408056974411011,
 6.412830114364624,
 6.4333977699279785,
 6.519488096237183,
 6.534531831741333,
 6.544075965881348,
 6.549698829650879,
 6.562380075454712,
 6.566767930984497,
 6.584178924560547,
 6.6171979904174805,
 6.6249730587005615,
 6.663387060165405,
 6.694311141967773,
 6.7032530307769775,
 6.7309019565582275,
 6.743234157562256,
 6.765027046203613,
 6.79084587097168,
 6.841962099075317,
 6.85712194442749,
 6.900012969970703,
 6.922729969024658,
 6.97226095199585,
 6.994733095169067,
 7.054708003997803,
 7.08362889289856,
 7.192110061645508,
 7.198320150375366,
 7.22521710395813,
 7.244410037994385,
 7.246570110321045,
 7.249201059341431,
 7.249579906463623,
 7.290101051330566,
 7.370392799377441,
 7.424371004104614,
 7.436850070953369,
 7.447105884552002,
 7.565004825592041,
 7.575360059738159,
 7.602137088775635,
 7.66572117805481,
 7.671472072601318,
 7.698536157608032,
 7.715764045715332,
 7.817967891693115,
 7.887894868850708,
 7.912226915359497,
 7.942759990692139,
 7.9635069370269775,
 7.998986005783081,
 8.026124000549316,
 8.026453018188477,
 8.070909023284912,
 8.181603908538818,
 8.196530103683472,
 8.23337197303772,
 8.268906831741333,
 8.27492380142212,
 8.295059204101562,
 8.372270107269287,
 8.402513980865479,
 8.45812702178955,
 8.53273606300354,
 8.578996896743774,
 8.588315963745117,
 8.602041959762573,
 8.627156972885132,
 8.62935996055603,
 8.69482707977295,
 8.80899691581726,
 8.825502872467041,
 8.866044998168945,
 8.872722864151001,
 8.875394105911255,
 8.899665117263794,
 8.918606042861938,
 8.937112092971802,
 9.022823095321655,
 9.025033950805664,
 9.03749394416809,
 9.043604850769043,
 9.062548875808716,
 9.07556414604187,
 9.12854790687561,
 9.152842998504639,
 9.180574893951416,
 9.240171194076538,
 9.245649814605713,
 9.251637935638428,
 9.256983041763306,
 9.267081022262573,
 9.306110858917236,
 9.36388111114502,
 9.403003931045532,
 9.470720052719116,
 9.48452615737915,
 9.547296047210693,
 9.564904928207397,
 9.565907001495361,
 9.573585033416748,
 9.58457899093628,
 9.625163078308105,
 9.67113709449768,
 9.68548583984375,
 9.702261209487915,
 9.750723123550415,
 9.81737494468689,
 9.84749698638916,
 9.849632024765015,
 9.886778831481934,
 9.90553092956543,
 9.943994045257568,
 9.945357084274292,
 9.98973798751831,
 10.047293186187744,
 10.073418855667114,
 10.09005618095398,
 10.145187854766846,
 10.168972969055176,
 10.16956901550293,
 10.290915966033936,
 10.380295038223267,
 10.38807201385498,
 10.41211199760437,
 10.431451082229614,
 10.436167001724243,
 10.470645189285278,
 10.482564210891724,
 10.601242065429688,
 10.608875036239624,
 10.668436050415039,
 10.691051006317139,
 10.691697120666504,
 10.78384804725647,
 10.944687128067017,
 11.03216814994812,
 11.037949800491333,
 11.0504469871521,
 11.059122085571289,
 11.07719111442566,
 11.133888959884644,
 11.25574803352356,
 11.40575885772705,
 11.445164918899536,
 11.469512939453125,
 11.491157054901123,
 11.556320905685425,
 11.560940980911255,
 11.565672159194946,
 11.632053852081299,
 11.656528949737549,
 11.663058996200562,
 11.720908880233765,
 11.770094156265259,
 11.815567016601562,
 11.83627700805664,
 11.871592044830322,
 11.925806999206543,
 11.939671993255615,
 11.95644497871399,
 11.966248989105225,
 11.99451994895935,
 12.068153142929077,
 12.156403064727783,
 12.199288845062256,
 12.256513118743896,
 12.298125982284546,
 12.301390171051025,
 12.327544927597046,
 12.405019998550415,
 12.432815074920654,
 12.441877841949463,
 12.58442497253418,
 12.773539066314697,
 12.95831298828125,
 12.961487054824829,
 13.01583194732666,
 13.022722005844116,
 13.074869871139526,
 13.076998949050903,
 13.11901593208313,
 13.153225898742676,
 13.153723955154419,
 13.243427991867065,
 13.262381076812744,
 13.32503604888916,
 13.502564907073975,
 13.565120935440063,
 13.611768960952759,
 13.652209043502808,
 13.688821792602539,
 13.8541579246521,
 13.883965015411377,
 13.915215969085693,
 13.918030023574829,
 13.958198070526123,
 13.970559120178223,
 13.983155012130737,
 14.138666152954102,
 14.165759086608887,
 14.288789987564087,
 14.298649072647095,
 14.43979287147522,
 14.476147890090942,
 14.525921821594238,
 14.644706010818481,
 14.694376945495605,
 14.744306087493896,
 14.776395082473755,
 14.778398990631104,
 14.882421016693115,
 15.088588953018188,
 15.109695196151733,
 15.131804943084717,
 15.13889193534851,
 15.169986963272095,
 15.201926946640015,
 15.223197937011719,
 15.23361086845398,
 15.235143899917603,
 15.251498937606812,
 15.272121906280518,
 15.288999080657959,
 15.358680963516235,
 15.360515832901001,
 15.401520013809204,
 15.448023080825806,
 15.555953979492188,
 15.627498865127563,
 15.685889959335327,
 15.722275018692017,
 15.743382930755615,
 15.74799394607544,
 15.774486064910889,
 15.78503704071045,
 15.79641604423523,
 15.8090980052948,
 15.91678500175476,
 15.944129228591919,
 15.98039197921753,
 16.074259996414185,
 16.0869619846344,
 16.142994165420532,
 16.26643204689026,
 16.279730081558228,
 16.289786100387573,
 16.29759907722473,
 16.441497802734375,
 16.450390100479126,
 16.460270166397095,
 16.4910569190979,
 16.50643491744995,
 16.521402835845947,
 16.545777082443237,
 16.587371110916138,
 16.62921404838562,
 16.86266803741455,
 16.864953994750977,
 16.877975940704346,
 16.87910795211792,
 16.91043710708618,
 16.947295904159546,
 16.94965887069702,
 16.990607023239136,
 17.02250909805298,
 17.122803926467896,
 17.12511420249939,
 17.180670976638794,
 17.203704118728638,
 17.398640871047974,
 17.612300157546997,
 17.80699110031128,
 17.820863008499146,
 17.835051774978638,
 17.858572006225586,
 17.91446280479431,
 17.92857789993286,
 17.955941200256348,
 18.01483702659607,
 18.01731300354004,
 18.028300046920776,
 18.06787896156311,
 18.137561082839966,
 18.166041135787964,
 18.194185972213745,
 18.2635760307312,
 18.305889129638672,
 18.452521085739136,
 18.513458013534546,
 18.54671597480774,
 18.5861759185791,
 18.677670001983643,
 18.678923845291138,
 18.709545135498047,
 18.712689876556396,
 18.803380966186523,
 18.82878303527832,
 18.873966932296753,
 18.89603090286255,
 18.900914907455444,
 18.910173177719116,
 18.98749589920044,
 18.993056058883667,
 19.083765983581543,
 19.15189814567566,
 19.181303024291992,
 19.20446491241455,
 19.215086936950684,
 19.23138999938965,
 19.288374185562134,
 19.31878089904785,
 19.332746028900146,
 19.37657594680786,
 19.41858696937561,
 19.481293201446533,
 19.501373052597046,
 19.560609817504883,
 19.586601972579956,
 19.703842878341675,
 19.71348214149475,
 19.8192400932312,
 19.843914031982422,
 19.958812952041626,
 19.963155031204224,
 20.02896499633789,
 20.03627610206604,
 20.049731969833374,
 20.071841955184937,
 20.207535982131958,
 20.250972032546997,
 20.298877954483032,
 20.328068017959595,
 20.353490829467773,
 20.521427869796753,
 20.53688097000122,
 20.649173974990845,
 20.70998215675354,
 20.793328046798706,
 20.813844919204712,
 20.844356060028076,
 20.86428999900818,
 20.92404007911682,
 20.942452907562256,
 20.991708993911743,
 21.02079701423645,
 21.07058596611023,
 21.07230305671692,
 21.117177963256836,
 21.19582986831665,
 21.217054843902588,
 21.223076105117798,
 21.25079107284546,
 21.332267999649048,
 21.35374093055725,
 21.36386799812317,
 21.408308029174805,
 21.477153062820435,
 21.499416828155518,
 21.607772827148438,
 21.67152500152588,
 21.678903102874756,
 21.812631845474243,
 21.818320989608765,
 21.877459049224854,
 21.97407102584839,
 21.986169815063477,
 22.21346402168274,
 22.217061042785645,
 22.324753999710083,
 22.350613117218018,
 22.393656969070435,
 22.43674087524414,
 22.504281044006348,
 22.64158606529236,
 22.813780069351196,
 22.81453800201416,
 22.827816009521484,
 22.907636165618896,
 22.9202139377594,
 23.04124402999878,
 23.054193019866943,
 23.088284015655518,
 23.08903980255127,
 23.290283918380737,
 23.330880165100098,
 23.50088405609131,
 23.541640996932983,
 23.605699062347412,
 23.685704946517944,
 23.795177221298218,
 24.009921073913574,
 24.05940890312195,
 24.072760105133057,
 24.290995121002197,
 24.465966939926147,
 24.522237062454224,
 24.56434202194214,
 24.620604991912842,
 24.691776990890503,
 24.821985960006714,
 25.112725019454956,
 25.152817010879517,
 25.27439284324646,
 25.294732093811035,
 25.465198040008545,
 25.561167001724243,
 25.609845876693726,
 25.958176851272583,
 25.961831092834473,
 26.002633810043335,
 26.172292947769165,
 26.323214054107666,
 26.472815990447998,
 26.495557069778442,
 26.582403898239136,
 26.68997311592102,
 26.691846132278442,
 26.703953981399536,
 26.743138074874878,
 26.870140075683594,
 26.931649923324585,
 26.999886989593506,
 27.2537899017334,
 27.437862873077393,
 27.52006506919861,
 27.661845922470093,
 27.698791027069092,
 27.73555088043213,
 27.794497966766357,
 27.794804096221924,
 27.856404781341553,
 27.961026906967163,
 27.987287044525146,
 28.075343132019043,
 28.093046188354492,
 28.204264879226685,
 28.398056983947754,
 28.616157054901123,
 28.860172033309937,
 28.93727707862854,
 29.10841703414917,
 29.18544602394104,
 29.30861520767212,
 29.409432888031006,
 29.459429025650024,
 29.49070692062378,
 29.494620084762573,
 29.520156145095825,
 29.58392596244812,
 29.70591115951538,
 29.708974838256836,
 29.79248881340027,
 29.868351936340332,
 29.994458198547363,
 30.115766048431396,
 30.16298484802246,
 30.25918984413147,
 30.275161027908325,
 30.605273962020874,
 30.652238130569458,
 30.833425998687744,
 30.880491971969604,
 30.885917901992798,
 30.944594860076904,
 31.006873846054077,
 31.066946029663086,
 31.166468143463135,
 31.217201948165894,
 31.278947114944458,
 31.443959951400757,
 31.624481201171875,
 31.72287082672119,
 31.77564311027527,
 31.8596248626709,
 31.871405124664307,
 31.928462982177734,
 32.07335710525513,
 32.23410391807556,
 32.252321004867554,
 32.52679800987244,
 33.027628898620605,
 33.307376861572266,
 33.3260281085968,
 33.34471797943115,
 33.4422972202301,
 33.598190784454346,
 33.734678983688354,
 33.75721788406372,
 33.97202110290527,
 34.07198691368103,
 34.166889905929565,
 34.24822402000427,
 34.337859869003296,
 34.45495390892029,
 34.63954305648804,
 34.736310958862305,
 34.76224899291992,
 34.86548113822937,
 34.88524603843689,
 35.10017704963684,
 35.121171951293945,
 35.23842406272888,
 35.244024991989136,
 35.28753590583801,
 35.529695987701416,
 35.64531421661377,
 35.78082799911499,
 35.95061993598938,
 35.966870069503784,
 36.0525689125061,
 36.06896495819092,
 36.08911204338074,
 36.21255707740784,
 36.2393639087677,
 36.36028003692627,
 36.40141201019287,
 36.42010307312012,
 36.493847131729126,
 36.56497502326965,
 36.57138705253601,
 36.80490708351135,
 36.9018440246582,
 36.963793992996216,
 37.068122148513794,
 37.581023931503296,
 37.61435389518738,
 37.76073908805847,
 37.79174995422363,
 38.033077001571655,
 38.238195180892944,
 38.386024951934814,
 38.405044078826904,
 38.667131185531616,
 38.67238712310791,
 38.70273184776306,
 38.99060082435608,
 39.00555109977722,
 39.25424909591675,
 39.257641077041626,
 39.26644992828369,
 39.26747918128967,
 39.29713416099548,
 39.53346514701843,
 39.54731011390686,
 39.66771984100342,
 39.698790073394775,
 39.73300218582153,
 39.7919762134552,
 39.8812952041626,
 40.00213980674744,
 40.10469388961792,
 40.20844793319702,
 40.261728048324585,
 40.282549142837524,
 40.67533087730408,
 40.77277421951294,
 40.93766498565674,
 41.03245711326599,
 41.06451487541199,
 41.12723994255066,
 41.15709400177002,
 41.196171045303345,
 41.30080986022949,
 41.32285809516907,
 41.55365800857544,
 41.56908416748047,
 41.60935306549072,
 41.79501509666443,
 41.89611220359802,
 41.986639976501465,
 42.213510036468506,
 42.558249950408936,
 42.79887795448303,
 43.15475511550903,
 43.18600416183472,
 43.41096210479736,
 43.637563943862915,
 43.855982065200806,
 44.22564697265625,
 44.469698905944824,
 44.511975049972534,
 44.533955812454224,
 44.57223296165466,
 44.68760013580322,
 44.689476013183594,
 44.84735894203186,
 45.67675185203552,
 45.7236750125885,
 46.34347701072693,
 46.525787115097046,
 46.76945209503174,
 46.80738711357117,
 46.83455991744995,
 46.84363603591919,
 46.875150203704834,
 47.108980894088745,
 47.2406439781189,
 47.46728181838989,
 47.68558692932129,
 47.840336084365845,
 47.97123718261719,
 49.197530031204224,
 49.32679796218872,
 49.327038049697876,
 49.50394105911255,
 49.80483889579773,
 49.912182092666626,
 49.95254111289978,
 50.083035945892334,
 50.72915005683899,
 51.59549689292908,
 51.856154918670654,
 51.86615300178528,
 52.58644413948059,
 52.830578088760376,
 53.84109902381897,
 53.87210702896118,
 54.28118085861206,
 54.29701209068298,
 54.78954291343689,
 54.877875089645386,
 55.2566180229187,
 55.632927894592285,
 55.95117402076721,
 55.96184206008911,
 56.057188987731934,
 56.57964015007019,
 56.693495988845825,
 56.836565017700195,
 57.12627196311951,
 57.263922929763794,
 57.39114594459534,
 57.60755014419556,
 57.614607095718384,
 57.828136920928955,
 58.099777936935425,
 58.70831489562988,
 58.750629901885986,
 59.097201108932495,
 59.36583685874939,
 59.65041708946228,
 60.00893807411194,
 60.130444049835205,
 60.15417695045471,
 60.24304008483887,
 60.53663992881775,
 61.65046310424805,
 62.50578308105469,
 62.60652279853821,
 62.742892026901245,
 63.18184494972229,
 63.2912540435791,
 63.8861198425293,
 64.24252796173096,
 64.56593203544617,
 65.72459101676941,
 65.88558602333069,
 68.63035488128662,
 68.67877292633057,
 69.36013507843018,
 69.46219301223755,
 69.53289318084717,
 70.08175086975098,
 70.43111896514893,
 71.3130898475647,
 71.44689416885376,
 71.87204098701477,
 72.46126508712769,
 72.66957712173462,
 72.67437100410461,
 72.93088507652283,
 73.62571310997009,
 73.64898300170898,
 74.04340291023254,
 74.82425093650818,
 74.93955993652344,
 75.07731199264526,
 75.49124908447266,
 75.65830111503601,
 77.55657505989075,
 78.69736194610596,
 78.9726631641388,
 79.13071918487549,
 80.09923505783081,
 83.95846390724182,
 84.15493106842041,
 84.20182800292969,
 85.59330701828003,
 85.93459296226501,
 86.08935904502869,
 88.34743690490723,
 89.17372703552246,
 89.47541308403015,
 89.73019194602966,
 91.49711298942566,
 92.1633768081665,
 92.5329110622406,
 93.06066584587097,
 93.3091070652008,
 93.33077216148376,
 94.31778812408447,
 96.2938461303711,
 99.96696305274963,
 100.51062893867493,
 101.02332210540771,
 102.9139199256897,
 103.7858510017395,
 104.61166906356812,
 105.26817202568054,
 108.04170417785645,
 108.82110905647278,
 111.20494294166565,
 115.64219689369202,
 120.4464430809021,
 137.27041792869568,
 146.985121011734,
 148.74278092384338,
 155.63189101219177,
 156.581139087677,
 163.69555687904358,
 167.7631721496582,
 170.00233721733093]