[0.5862259864807129,
 0.6236209869384766,
 0.7163350582122803,
 0.7252929210662842,
 0.7574560642242432,
 0.7585070133209229,
 0.7632181644439697,
 0.763308048248291,
 0.7637808322906494,
 0.772528886795044,
 0.776695966720581,
 0.7779848575592041,
 0.7791850566864014,
 0.7871780395507812,
 0.7993998527526855,
 0.8008229732513428,
 0.8017961978912354,
 0.8030269145965576,
 0.8058230876922607,
 0.8082740306854248,
 0.82051682472229,
 0.8311009407043457,
 0.8311049938201904,
 0.8410031795501709,
 0.8411719799041748,
 0.8498589992523193,
 0.8574719429016113,
 0.8592269420623779,
 0.869455099105835,
 0.8760499954223633,
 0.8760740756988525,
 0.8813960552215576,
 0.8831219673156738,
 0.8860628604888916,
 0.8876430988311768,
 0.8930850028991699,
 0.8951950073242188,
 0.8951959609985352,
 0.9002649784088135,
 0.9035999774932861,
 0.903831958770752,
 0.9044220447540283,
 0.9154410362243652,
 0.9209489822387695,
 0.9213030338287354,
 0.92169189453125,
 0.9247100353240967,
 0.9283459186553955,
 0.9398970603942871,
 0.9433281421661377,
 0.9456689357757568,
 0.950538158416748,
 0.9617359638214111,
 0.9642269611358643,
 0.9695999622344971,
 0.9710609912872314,
 0.9775910377502441,
 0.9782600402832031,
 0.9864768981933594,
 0.9967250823974609,
 0.9991819858551025,
 0.9996631145477295,
 1.0093071460723877,
 1.0240960121154785,
 1.0267529487609863,
 1.0279488563537598,
 1.0321550369262695,
 1.0386180877685547,
 1.0410048961639404,
 1.0478839874267578,
 1.0692939758300781,
 1.077455997467041,
 1.080528974533081,
 1.0896849632263184,
 1.0909881591796875,
 1.091364860534668,
 1.0994160175323486,
 1.1116580963134766,
 1.1128768920898438,
 1.1168429851531982,
 1.1180579662322998,
 1.126121997833252,
 1.131709098815918,
 1.1413490772247314,
 1.1466491222381592,
 1.161201000213623,
 1.165417194366455,
 1.1688618659973145,
 1.1839559078216553,
 1.1871562004089355,
 1.198042869567871,
 1.2183928489685059,
 1.2196719646453857,
 1.226902961730957,
 1.23055100440979,
 1.2418360710144043,
 1.2419559955596924,
 1.2463881969451904,
 1.2569990158081055,
 1.2690410614013672,
 1.2825870513916016,
 1.2935490608215332,
 1.3041279315948486,
 1.3289039134979248,
 1.3330731391906738,
 1.3337647914886475,
 1.3802528381347656,
 1.4000060558319092,
 1.400757074356079,
 1.40671706199646,
 1.4102580547332764,
 1.4392518997192383,
 1.4535341262817383,
 1.470093011856079,
 1.4734089374542236,
 1.4734411239624023,
 1.4875438213348389,
 1.5035128593444824,
 1.510754108428955,
 1.5141828060150146,
 1.545604944229126,
 1.56675386428833,
 1.5679829120635986,
 1.6081080436706543,
 1.6133971214294434,
 1.631469964981079,
 1.6434550285339355,
 1.6545500755310059,
 1.6657640933990479,
 1.6689870357513428,
 1.6707231998443604,
 1.7023460865020752,
 1.712885856628418,
 1.7186899185180664,
 1.7485928535461426,
 1.749027967453003,
 1.7529339790344238,
 1.7562909126281738,
 1.7603609561920166,
 1.7648229598999023,
 1.7904620170593262,
 1.797745943069458,
 1.803800106048584,
 1.8224060535430908,
 1.8293180465698242,
 1.8312759399414062,
 1.8577229976654053,
 1.8640120029449463,
 1.8743999004364014,
 1.8868958950042725,
 1.8893260955810547,
 1.9250819683074951,
 1.9803440570831299,
 2.0103259086608887,
 2.015712022781372,
 2.0498151779174805,
 2.080132007598877,
 2.0907769203186035,
 2.1034488677978516,
 2.11017107963562,
 2.121422052383423,
 2.1250829696655273,
 2.1420230865478516,
 2.143018960952759,
 2.160546064376831,
 2.189995050430298,
 2.1905019283294678,
 2.2001569271087646,
 2.219057083129883,
 2.2318310737609863,
 2.2536988258361816,
 2.2692501544952393,
 2.280938148498535,
 2.295422077178955,
 2.31128191947937,
 2.320111036300659,
 2.323965072631836,
 2.3545949459075928,
 2.3591530323028564,
 2.35970401763916,
 2.3657970428466797,
 2.373756170272827,
 2.3819708824157715,
 2.385288953781128,
 2.396604061126709,
 2.40289306640625,
 2.4247710704803467,
 2.4405879974365234,
 2.486177921295166,
 2.5354979038238525,
 2.5454719066619873,
 2.5521199703216553,
 2.5687990188598633,
 2.5724260807037354,
 2.5822160243988037,
 2.585085153579712,
 2.58558988571167,
 2.5865578651428223,
 2.610549211502075,
 2.6156270503997803,
 2.6473300457000732,
 2.6511240005493164,
 2.6823570728302,
 2.686196804046631,
 2.699028968811035,
 2.731212854385376,
 2.7347660064697266,
 2.73860502243042,
 2.7418339252471924,
 2.7546579837799072,
 2.755808115005493,
 2.7662510871887207,
 2.772495985031128,
 2.790192127227783,
 2.8146920204162598,
 2.8444108963012695,
 2.8483378887176514,
 2.849055051803589,
 2.8597869873046875,
 2.864361047744751,
 2.8728721141815186,
 2.8753390312194824,
 2.90427303314209,
 2.911839008331299,
 2.926424980163574,
 2.950352907180786,
 2.9690139293670654,
 2.975644111633301,
 2.9999728202819824,
 3.006302833557129,
 3.016861915588379,
 3.0262839794158936,
 3.037966012954712,
 3.0385100841522217,
 3.0591628551483154,
 3.0806829929351807,
 3.080836057662964,
 3.0875449180603027,
 3.1070690155029297,
 3.110318899154663,
 3.116142988204956,
 3.1181890964508057,
 3.1437978744506836,
 3.164884090423584,
 3.17246413230896,
 3.179666042327881,
 3.1932249069213867,
 3.1939477920532227,
 3.2127370834350586,
 3.2190330028533936,
 3.2272658348083496,
 3.2364909648895264,
 3.250035047531128,
 3.282417058944702,
 3.2911360263824463,
 3.292371988296509,
 3.2976009845733643,
 3.301240921020508,
 3.320028066635132,
 3.325120210647583,
 3.33365797996521,
 3.3476550579071045,
 3.3595340251922607,
 3.364763021469116,
 3.3650290966033936,
 3.373871088027954,
 3.3895139694213867,
 3.3927669525146484,
 3.398033857345581,
 3.408700942993164,
 3.4140639305114746,
 3.417492151260376,
 3.4553492069244385,
 3.4984610080718994,
 3.5040090084075928,
 3.522345781326294,
 3.551546096801758,
 3.5629971027374268,
 3.5806169509887695,
 3.5871729850769043,
 3.5915298461914062,
 3.598823070526123,
 3.599562883377075,
 3.6018619537353516,
 3.6226720809936523,
 3.6431121826171875,
 3.66011905670166,
 3.6619420051574707,
 3.6778509616851807,
 3.68705415725708,
 3.694301128387451,
 3.7175731658935547,
 3.726331949234009,
 3.740844964981079,
 3.7451629638671875,
 3.748198986053467,
 3.776313066482544,
 3.777297019958496,
 3.8065080642700195,
 3.812898874282837,
 3.823690891265869,
 3.8337080478668213,
 3.872020959854126,
 3.9073829650878906,
 3.914133071899414,
 3.9224281311035156,
 3.9288418292999268,
 3.94435715675354,
 3.9530529975891113,
 3.972038984298706,
 3.9824798107147217,
 3.982663869857788,
 3.9847490787506104,
 3.9894609451293945,
 4.0021069049835205,
 4.008573055267334,
 4.017059087753296,
 4.02250599861145,
 4.032616853713989,
 4.036362886428833,
 4.082349061965942,
 4.102718114852905,
 4.103060007095337,
 4.112907886505127,
 4.13910698890686,
 4.163919925689697,
 4.167790174484253,
 4.180385112762451,
 4.188070058822632,
 4.1933979988098145,
 4.207019805908203,
 4.2189249992370605,
 4.2240118980407715,
 4.233322858810425,
 4.249177932739258,
 4.283005952835083,
 4.312919855117798,
 4.335406064987183,
 4.346637964248657,
 4.349400043487549,
 4.37422513961792,
 4.402537107467651,
 4.4054529666900635,
 4.40930700302124,
 4.424450874328613,
 4.429772138595581,
 4.431875944137573,
 4.432938814163208,
 4.455336093902588,
 4.456450939178467,
 4.465048789978027,
 4.508687973022461,
 4.508918046951294,
 4.521659851074219,
 4.527537107467651,
 4.529815912246704,
 4.564634084701538,
 4.598590135574341,
 4.611061096191406,
 4.614809989929199,
 4.623716115951538,
 4.659305095672607,
 4.674026966094971,
 4.7135210037231445,
 4.7247560024261475,
 4.744387149810791,
 4.759273052215576,
 4.812412977218628,
 4.816848993301392,
 4.818066835403442,
 4.845777988433838,
 4.868664026260376,
 4.9213972091674805,
 4.929886817932129,
 4.934965133666992,
 4.93743109703064,
 4.950390100479126,
 4.957690000534058,
 4.9652369022369385,
 4.999107837677002,
 5.017457008361816,
 5.029151201248169,
 5.03825306892395,
 5.048364162445068,
 5.049396991729736,
 5.069572925567627,
 5.1074299812316895,
 5.1124958992004395,
 5.128826141357422,
 5.133867979049683,
 5.136215925216675,
 5.154814004898071,
 5.165996789932251,
 5.167647123336792,
 5.178409814834595,
 5.181213140487671,
 5.210663080215454,
 5.222180128097534,
 5.2308080196380615,
 5.231320142745972,
 5.243592023849487,
 5.26883602142334,
 5.285742998123169,
 5.305948972702026,
 5.356566905975342,
 5.371563911437988,
 5.372966051101685,
 5.380249977111816,
 5.382660865783691,
 5.402193069458008,
 5.414431095123291,
 5.465191125869751,
 5.465308904647827,
 5.49708104133606,
 5.560991048812866,
 5.565131902694702,
 5.573714017868042,
 5.576141119003296,
 5.590038776397705,
 5.596518039703369,
 5.64675498008728,
 5.669459104537964,
 5.680175065994263,
 5.704408884048462,
 5.748219013214111,
 5.756443977355957,
 5.7602198123931885,
 5.780632972717285,
 5.782071113586426,
 5.81702995300293,
 5.8209240436553955,
 5.834501028060913,
 5.85009503364563,
 5.883645057678223,
 5.908958911895752,
 5.9128758907318115,
 5.9857258796691895,
 5.992790937423706,
 6.020412921905518,
 6.02679181098938,
 6.028141021728516,
 6.071402072906494,
 6.083107948303223,
 6.090912103652954,
 6.098606109619141,
 6.117642879486084,
 6.139028072357178,
 6.1441709995269775,
 6.14673113822937,
 6.162136077880859,
 6.188065052032471,
 6.192965984344482,
 6.19939112663269,
 6.205380916595459,
 6.234718084335327,
 6.235773086547852,
 6.268532037734985,
 6.292865037918091,
 6.32788610458374,
 6.372951984405518,
 6.390929937362671,
 6.415792942047119,
 6.426239013671875,
 6.446007013320923,
 6.45470118522644,
 6.490447044372559,
 6.519698143005371,
 6.538059949874878,
 6.545591115951538,
 6.579898118972778,
 6.587840795516968,
 6.608497142791748,
 6.64124608039856,
 6.698084831237793,
 6.701891183853149,
 6.702375888824463,
 6.729663133621216,
 6.73822808265686,
 6.785243034362793,
 6.7864110469818115,
 6.81954288482666,
 6.8368821144104,
 6.841948986053467,
 6.870219945907593,
 6.882239818572998,
 6.8865320682525635,
 6.890154123306274,
 6.892875909805298,
 6.923663139343262,
 6.951361894607544,
 6.960836887359619,
 6.96352481842041,
 6.9940760135650635,
 7.008946895599365,
 7.012875080108643,
 7.041982889175415,
 7.043692111968994,
 7.0587639808654785,
 7.06206202507019,
 7.0642101764678955,
 7.072616100311279,
 7.081593990325928,
 7.117618799209595,
 7.122241973876953,
 7.172657012939453,
 7.182918071746826,
 7.22310996055603,
 7.239296913146973,
 7.268133878707886,
 7.271435976028442,
 7.2783119678497314,
 7.298892974853516,
 7.302077054977417,
 7.303233861923218,
 7.3090479373931885,
 7.312632083892822,
 7.315312147140503,
 7.319514989852905,
 7.332587957382202,
 7.450831890106201,
 7.45717191696167,
 7.467004060745239,
 7.468835830688477,
 7.489725828170776,
 7.493662118911743,
 7.497898817062378,
 7.510295867919922,
 7.520295858383179,
 7.523656845092773,
 7.550311803817749,
 7.572688102722168,
 7.573173999786377,
 7.602341890335083,
 7.6036200523376465,
 7.637899160385132,
 7.647236108779907,
 7.6479198932647705,
 7.672839879989624,
 7.724964141845703,
 7.755531072616577,
 7.782647132873535,
 7.786679983139038,
 7.80211615562439,
 7.820499897003174,
 7.826647996902466,
 7.829059839248657,
 7.833937883377075,
 7.845499038696289,
 7.867600917816162,
 7.8876121044158936,
 7.897871017456055,
 7.901396989822388,
 7.922098875045776,
 7.941534042358398,
 7.948045969009399,
 7.982816934585571,
 7.988579988479614,
 7.989357948303223,
 8.006469011306763,
 8.052582025527954,
 8.056989192962646,
 8.06202483177185,
 8.087486028671265,
 8.092112064361572,
 8.099285125732422,
 8.10149097442627,
 8.114988803863525,
 8.155747890472412,
 8.160676956176758,
 8.163571119308472,
 8.177191019058228,
 8.212075233459473,
 8.217737197875977,
 8.21971607208252,
 8.24999189376831,
 8.269551992416382,
 8.285692930221558,
 8.286870002746582,
 8.290272951126099,
 8.2969069480896,
 8.316701889038086,
 8.330804824829102,
 8.348680973052979,
 8.356441020965576,
 8.41019606590271,
 8.422204971313477,
 8.427680969238281,
 8.43018913269043,
 8.459321022033691,
 8.46601915359497,
 8.470616102218628,
 8.482074975967407,
 8.507444858551025,
 8.51836109161377,
 8.526309967041016,
 8.539672136306763,
 8.551966905593872,
 8.562687873840332,
 8.580586194992065,
 8.583361148834229,
 8.58536410331726,
 8.610844850540161,
 8.667716979980469,
 8.673268795013428,
 8.695886135101318,
 8.712373971939087,
 8.822659015655518,
 8.826313018798828,
 8.870903968811035,
 8.925757884979248,
 8.955691814422607,
 8.961463212966919,
 8.986327886581421,
 8.986378908157349,
 8.995091915130615,
 8.998825073242188,
 9.017055034637451,
 9.033102035522461,
 9.048433065414429,
 9.069408893585205,
 9.084415912628174,
 9.091913938522339,
 9.101878881454468,
 9.114372968673706,
 9.204766988754272,
 9.214169979095459,
 9.214388132095337,
 9.2550208568573,
 9.276458978652954,
 9.344937086105347,
 9.365556955337524,
 9.368649959564209,
 9.42540717124939,
 9.434782028198242,
 9.438360929489136,
 9.447420835494995,
 9.452419996261597,
 9.55130910873413,
 9.558931112289429,
 9.573360204696655,
 9.617676973342896,
 9.668814182281494,
 9.678148984909058,
 9.683449983596802,
 9.762578010559082,
 9.823577165603638,
 9.825056076049805,
 9.836688041687012,
 9.851103067398071,
 9.901641130447388,
 9.933333158493042,
 10.00685715675354,
 10.092498064041138,
 10.142437219619751,
 10.157580137252808,
 10.159257173538208,
 10.201712846755981,
 10.209915161132812,
 10.24393606185913,
 10.245726108551025,
 10.271917819976807,
 10.292798042297363,
 10.302330017089844,
 10.342915773391724,
 10.353868961334229,
 10.37841010093689,
 10.380061149597168,
 10.394685983657837,
 10.408838033676147,
 10.432476997375488,
 10.441622972488403,
 10.450895071029663,
 10.477455854415894,
 10.483641862869263,
 10.487886190414429,
 10.509800910949707,
 10.661313772201538,
 10.676768064498901,
 10.711626052856445,
 10.712723016738892,
 10.800255060195923,
 10.820180892944336,
 10.825018882751465,
 10.82710599899292,
 10.846521139144897,
 10.848686933517456,
 10.867117166519165,
 10.895174026489258,
 10.895918130874634,
 10.922709941864014,
 10.96737003326416,
 10.984633922576904,
 11.005334854125977,
 11.053949117660522,
 11.063423871994019,
 11.068744897842407,
 11.10789179801941,
 11.204878091812134,
 11.261688947677612,
 11.265652894973755,
 11.281635046005249,
 11.294408082962036,
 11.314841032028198,
 11.338958978652954,
 11.430292129516602,
 11.443360090255737,
 11.478647947311401,
 11.501803159713745,
 11.513199090957642,
 11.556097984313965,
 11.579073905944824,
 11.582679986953735,
 11.585606098175049,
 11.599992990493774,
 11.661723852157593,
 11.693367004394531,
 11.709548950195312,
 11.727444171905518,
 11.731702089309692,
 11.760187864303589,
 11.808043003082275,
 11.83158802986145,
 11.837242126464844,
 11.891571998596191,
 11.931934118270874,
 11.947536945343018,
 11.977549076080322,
 11.987125873565674,
 11.992858171463013,
 12.01150894165039,
 12.034214973449707,
 12.090817928314209,
 12.11655592918396,
 12.126901865005493,
 12.133766889572144,
 12.167025089263916,
 12.219550132751465,
 12.347574949264526,
 12.34959888458252,
 12.35088300704956,
 12.38095498085022,
 12.387486934661865,
 12.397366046905518,
 12.404200077056885,
 12.449427127838135,
 12.499730110168457,
 12.515382051467896,
 12.53777289390564,
 12.570497989654541,
 12.605356931686401,
 12.668690919876099,
 12.695158004760742,
 12.698940992355347,
 12.729202032089233,
 12.82935094833374,
 12.832782983779907,
 12.835899114608765,
 12.877465009689331,
 12.880089044570923,
 12.934849977493286,
 12.984467029571533,
 12.990857124328613,
 12.997312068939209,
 13.022059202194214,
 13.028671979904175,
 13.151231050491333,
 13.19677996635437,
 13.20950198173523,
 13.26851487159729,
 13.334999799728394,
 13.354330062866211,
 13.436527967453003,
 13.457870960235596,
 13.674507141113281,
 13.683355808258057,
 13.722450971603394,
 13.765053987503052,
 13.825404167175293,
 13.827846050262451,
 13.832534074783325,
 13.898083925247192,
 13.909447193145752,
 13.980133056640625,
 14.02573013305664,
 14.090301990509033,
 14.10060715675354,
 14.116132974624634,
 14.148221969604492,
 14.180601835250854,
 14.214432954788208,
 14.317265033721924,
 14.435811042785645,
 14.46072006225586,
 14.501343965530396,
 14.556162118911743,
 14.55747103691101,
 14.557675838470459,
 14.585510969161987,
 14.589046955108643,
 14.658496856689453,
 14.71489691734314,
 14.728323936462402,
 14.759593963623047,
 14.780117988586426,
 14.800524950027466,
 14.887633800506592,
 14.952932834625244,
 14.966625928878784,
 14.977360010147095,
 15.004102945327759,
 15.087385177612305,
 15.099814891815186,
 15.108322143554688,
 15.198267936706543,
 15.222393989562988,
 15.249945878982544,
 15.256796836853027,
 15.341379165649414,
 15.379294872283936,
 15.394471883773804,
 15.409008026123047,
 15.416725158691406,
 15.577430009841919,
 15.657585144042969,
 15.718888998031616,
 15.78192400932312,
 15.79724407196045,
 15.817578792572021,
 15.839438915252686,
 15.889782905578613,
 16.080120086669922,
 16.103710174560547,
 16.224090814590454,
 16.308361053466797,
 16.327955961227417,
 16.37798500061035,
 16.38555598258972,
 16.51538610458374,
 16.52157711982727,
 16.53366494178772,
 16.563031911849976,
 16.661544799804688,
 16.68117380142212,
 16.687513828277588,
 16.776143074035645,
 16.80646514892578,
 16.93571400642395,
 16.972515106201172,
 16.973296880722046,
 17.137290000915527,
 17.354121923446655,
 17.394601821899414,
 17.44820499420166,
 17.459450006484985,
 17.474905967712402,
 17.557251930236816,
 17.56427502632141,
 17.601011991500854,
 17.609465837478638,
 17.773711919784546,
 17.897626876831055,
 17.904122829437256,
 17.93836498260498,
 17.944092988967896,
 17.979857921600342,
 17.99281883239746,
 18.00825595855713,
 18.13879108428955,
 18.15916895866394,
 18.21174192428589,
 18.241761922836304,
 18.315333127975464,
 18.32097291946411,
 18.384872913360596,
 18.42765498161316,
 18.471975088119507,
 18.76861000061035,
 18.87589383125305,
 18.969495058059692,
 19.092535972595215,
 19.094909191131592,
 19.111696004867554,
 19.143938064575195,
 19.31484603881836,
 19.3250470161438,
 19.37876796722412,
 19.432318925857544,
 19.60560917854309,
 19.851943969726562,
 19.883177995681763,
 19.899721145629883,
 19.95799207687378,
 20.018213033676147,
 20.089224100112915,
 20.154464960098267,
 20.55022692680359,
 20.650197982788086,
 20.70725393295288,
 20.845317840576172,
 20.896641969680786,
 20.90228509902954,
 21.007815837860107,
 21.037699937820435,
 21.140891075134277,
 21.14485001564026,
 21.22064995765686,
 21.34841799736023,
 21.354383945465088,
 21.57014489173889,
 21.588622093200684,
 21.633155822753906,
 21.670605897903442,
 21.7650408744812,
 21.85049295425415,
 22.064167022705078,
 22.21951913833618,
 22.41529893875122,
 22.41658592224121,
 22.440340042114258,
 22.450598001480103,
 22.535363912582397,
 22.58222198486328,
 22.71946406364441,
 22.932311058044434,
 23.088521003723145,
 23.117620944976807,
 23.13433289527893,
 23.295257091522217,
 23.372750997543335,
 23.395884037017822,
 23.4095721244812,
 23.46210289001465,
 23.490893840789795,
 23.50822901725769,
 23.72795009613037,
 23.739546060562134,
 23.74136996269226,
 23.789211988449097,
 23.810546875,
 23.91724991798401,
 24.063300848007202,
 24.134995937347412,
 24.207042932510376,
 24.2519690990448,
 24.50836205482483,
 24.546741008758545,
 24.943533897399902,
 25.11523199081421,
 25.155651807785034,
 25.21936798095703,
 25.62339186668396,
 25.62932300567627,
 26.09505796432495,
 26.139271020889282,
 26.30936098098755,
 26.358930826187134,
 26.516237020492554,
 26.600594997406006,
 26.65039896965027,
 26.82683515548706,
 27.03034996986389,
 27.3249089717865,
 27.420522212982178,
 27.485650062561035,
 27.54980993270874,
 28.236594915390015,
 28.588114976882935,
 29.40843915939331,
 29.45656704902649,
 29.763206005096436,
 30.494168996810913,
 30.899236917495728,
 31.07205891609192,
 31.268754959106445,
 31.732218980789185,
 32.060823917388916,
 32.113954067230225,
 32.37310600280762,
 33.549148082733154,
 33.71990919113159,
 33.96545195579529,
 33.987756967544556,
 34.67949891090393,
 35.05359196662903,
 35.38338088989258,
 35.60884404182434,
 36.174485206604004,
 36.19588804244995,
 36.392946004867554,
 37.08270311355591,
 37.835423946380615,
 38.08399200439453,
 39.810861110687256,
 39.951355934143066,
 40.14650011062622,
 40.81033515930176,
 43.65208578109741,
 44.838629961013794,
 48.2486629486084,
 58.399137020111084]